$ANSIBLE_VAULT;1.1;AES256
30636363393937303664303363653436623462613563386561613338373438306338376434386165
3531623535353436663337396430343338306635343664310a653566636132393532336430396334
37333733386439346633636638326230623863366335386436303436386234373331623432646266
6439663037313362320a653337303563633936613266393934303465393037646566336362653433
37323734366434623636373438636133656362663439363864633166646339336231623766643335
36646538616466636132613364666134316361393637336331336134393839326463356235366338
30383533353530653333383031336161633363373630656664386532383137303961303065386538
31656536356431666662383363346337333333386634396161373362326539363666373862373064
35323163643665343735316432333165393532353338373630386663373732333763366139346266
65613366643661313334623763643863393034656237643831353238303061303964396334623966
31653332363961663263313465376261633637653930376334356661373531656666373435313961
34623661323465373436623433646236613366343335376361656537386166613764386231393065
34343662666437333532346232316665623035666137306566623234343864646564363637326264
33393563643766643735626337373339366539656662306331663936333032336536326162393665
36333030663939346131663034623235636134356533626333616435376138663862383563336466
63313236326233653065663533363932303366646232363137386235386665313932383235356165
33396235653431373130356530383862326334646230353062316161306664353366613864323830
30613131313832373164656165626639383733313661663032363036636465356637626635383636
37623666386631643132333130323762346234643330383763356333366631643430303065633566
32653232613335353865363038643838663162616238363638326562346530633362653034363065
30653565386162363536663530383331346130303831373565356131376333393135363262313633
33326539633633306338363439373431353965343534313365376634613332616666303138623332
37326531396634613832303539323039626232383737633133666634643564363834663930333566
33306439343135333966303439303935333662383032613739653437303232346561613736656632
32353137633236396139323261363638376534633362663934303534656135333537
